106 > INDEX ili T. LIVII

inominalem 14144144 141444414111114114 11144414414411411111,11.44, 14. 11, 44,
'affatim-J.. 111111 1,11 4111. 4111. 14111,ιῶ 4141441414 1414114 11411411, 1. llil
44 4114114 444114 quaestum 144141144Ι 11, l. 114411144141141411114144114, iisd. Vollie
illi 11111· '‘m'' ¹¹¹ ‘m' ¹¹¹· 4111114111....
7144444144, 4414111. 71414141141411114 14141. , ,
14144144 1111 1414141141 pullorum 1414441 roim 1411 legionibus 444411,111411411111111, ¹
11, 1. 4. 444114414411111,11. 11, 11. ·
millu· 144114 1, 11. Veliterni 1411411111 1, 11 44 11. vincuntur 11.
· 71444441 4441111 4144111111 44 4414114 4111114411, 414111. 4441444141141114444111 41114114.
11. 44441441 41411114 14444111111144441- 1441414111 Tusculum, 4111. obsidentur 4

4441114144444111 41, 41. 444114414 414141114 1141141114, 1111. 41 1118 41 41. 1441411114· ’

14441411414 41,11 4111. 4441144114 populi 4111441414141111, 11. [1441411414111118.
nom. 41111 14411 4111111 4444441414 14414 14111. 111 444, quoi 144144 rebellium.
4,1. 14411441 44444444 114 44 impunitum 411444 4444111111 14. 111441 inm ’11144141
1441111114441111414, 11. 4441444114 111414 41114414, 44 41114, 411414 1114111114114·

41 1441411441444441441141111114141114111411- 11444114 44441114414414111141141144141141- i

11111 04441111. 4444144114 4114111114 preliis 114 44441, 4114.

11444411, 44. 1111144 1114414144 41, 11, 14441- reliam mr 1, 11. 1111. ¹
lilli:·:i.⁰ii„l¹¹:lliiil”iiiiii 111111411111441111114
44111114(111Γ11411110,Μι1111111)4114.11411111111111ὴ11 111411141441144441111141411411414141414 1

44 47. ab 1111114 11, 11, 4414114 4111141414· l
7444444411111111144441144411441111,11141414, 41444 11114 114141414 11, 41. 4414114114

4144414111111441411141 114111444141114 8444141144411141111 41 proditum ’14441411 ¹
41444114 41141114 44111 11. 1,1. x

14144444 11 1144 1141141144 excurrunt 1, 11. 4 romam. 1411114114 questionu 11, 1. 11 41 ’

1141111414 4144111114, 1141. 1411114114 1111414414 ⁴l. 4444144111 11114111111414111444.1141.
1144111111 441144 1141114114 14444. 4141ε 4111- es. 44 41, 17.

41141441111417.4141114441114141144 lenonum 11411411 14444 4111144114 1441111444
111111111111111111111111411111 llifizii‘i, 11311,Ε ”mi ΡΨ
14441414 11 Ianiculum 1444 1141141114 41414- 1411444 in 114114 ai 11414114 4414414114 44111111

44411, 4444111111 14141114 11. 11444141111114· 1, 1. 4144111 411411441111111141141141141411, ,

1141411111 41111111 41.ί minitantur 44 oppu- 11. os. 11, 1.
flammaiinelinffiriiognztunhiiofflni {modiatam 444144 prope 41441111, 1141,
1144144141 444144 1144144 41. 1111144441- ltili 44 4414 1114114414 mimirum 411111

111111441144111114114 1141141111114441114111
44114114 1144111114 il. 4411114 14144414 1141- 114141111 11, 1. 1111414144 1411444114 ’1 οἶ
11141 11144114 11. 1144114114, 1141. 1114441144 illio 11441414 11,114111. 4114 4414441411
1141114144 411144414414114111114. 1444411- zoilum Collinam 11, 11. es. 41 41, 14.

141411· 44144114 4441 1111114111 4, 1. 1141111111 44- 444114 44144 41114 ullo 14411414 44411444
4144414 41141444 1141141144, 11141144414 411441 41, 1.
11111111111111ὲωῖι114111114111 11111111·141111111111111
41111114111444 11 444444 11, 4114111414 11. 41414411 4114114111. 11, 41. tum reliquiae
4141111414 11114144 4111441111 11111141 14114 4144411114 14. 41. 41 17, 1. 114441. ‚
11. 1414114 4414414 41 41114 4441141141 lezi· 7411441111 414114444141114141 11 4 1141114144

114 nominis 11. 114 11141414 bellum 14). 41 hospitaliter excipiunt 11, . 1111414114 “

14144444 444411 41444111,1.41411111414- 111, 11111 4114441411441411441411411114111111’
114414 411 1114114414, 4111. 4441144 44114114- 17, 11. , 2
rinthlffl 4 1141144144 sl. 11141144114 41 γ’1414111π1114101111111114242’141111114“11’1 ι141ῐ1111111ἶ
ruffi 1,1. 41,41114’444144441141114144- 4411414, 44. ’

vll „iiiiii 1111111111.ἷῆἷὲ 1711113111.. ..

decennalem 4141114141111. 114144 11141414 1444411144,4ι111114411114111411ι41,11 1444111111
11111141.111“1..1.11141.11.· 111111114111111...
11111111.’111.111”111 fill-'32⁴' ....
1114.,41111111 1111114114
414 1141444114 44414 transmutandi 14144 41 74141414, 1111141114, 4444141111111141414111114,
liii ’1111111111.11.’111.111.1’1“““ illlillilil⁰llliillliiii¹ilit
1414441414 41441141411114111 4444411 14144 44141411111111111114414144144,4111. ’,
111111411111111..1111111· 1111111111111 ”¹¹³⁰'⁸''¹¹”·‘¹
leganumpiirl 44114414 111414Ι 414111 1141441, Δ. 141 1114114 cos. 1, 11Ῐ contri 1414444 pro·
7444141411. 14. 41111114114114ἷω411811111611 ω’

 

