98 INDEX IN T. mn

21 8148. 81, 4111, 18. 42,88. 181118181-
181 sissinium 8818888181 8, 11. 8, 8. 22,
88. 28, 11 811. 1818881 piebis 22. 81. 27, 8.
42, 41. 8888811818118871818118 22. 88. 28,
181111181111111.’11818ἪΘΙ11111111111
innanti· 18111811 111
omnibns 88888 1, 48. 8 81 81888888 88 rs·
i 888 8. 88. 28, 1, 88,1 . 48, 28. 88 88-
1811181111·1111881111
88188118 8, 11. 7, 28. 42, 2. 88 8117188118
838311·..8181181111111
iii 111118138111811811. 1111111118
11811111δ11111ω811118ω3111111 11111111
11881 1881181118. 22, 1 818. 2812. 28.
18. 48. 18, 41. 21. 8881188 8888811188 88
iniiiiitiiiih“fiiiiihiinniiff
81888 pi. 8881881 88 . 81188888 88 siri·
8881188881 1, 42. 81 comnis 8888811 81-

88888188 4, 28. 88. 88 88818818 tribunis 1811. ,

4, 88. 88 88181888 non 8881888 88, 88. 81
decemviri 8111818818 88 1881818881 8, 82 81
1818881 8111111888 8,17. 88888188 8, 81. 81118
1881114, 7. 8. 88, 8, 18, 17. 28. 8, 81. 88.

48. 88. 88,18. 18 88811881 retorna 88 hv
811888 vietis 8, 14. 28, 8,18. 28, 18. 27,
28. 28, 48. 88, 22. 87, 1, 48. 48, 28. 25.
1 888118 81888 8188811 iihsri 18888118 8888
41, 18. 8881181 consultum 81 18 gratim Si-
8818818128, 81. Ambraciensium 88, 44. ιι·
888841, 22. 1888118 181111 8111188818 2,
8. 18. 18, 42, 18811. isgsiis populoru
118118111118188811·
8888881 81 1888811188811118811888 818111
88188888818188 8817, 81, 11. 18, 88. 48,
11. 8881181 consulto qni 88188 1881818818
818188 8, 4. 88181811 Ι111 Cspiioiio 81811888
88118188 8, 28. 1181888 8 8188888 dusinus
1, 18. 818818111888 Postumii 81888 8188-
88188 8881188 consultum iscium 881881.
88 8188818111888 88,18. 18, quaestiones
88 sociorum criminibus magistratibus 8818·
818188 1,88. 8,12. 17. 28. 8, 28. 18, 1.
28,18 8118888811, 88881881, 1818888 pi. 1188-
811 18188888888 8881181 88888118 4, 8. 8, 8.
88, ⁴5. 1818. 88, 18 an. 888188 nisi· su·
8188 hersi 811881 esse 81811 8188811,17.
18. 22, 82. 41. 88, 88. 8818 1811818 suffra·
11881 81188818818888 88818, 12, 1, ir ss.
1111“111ζ“ι.·11111188“811 ¹³¹}
1418.ι 18 8888818881 88, 4. senatus 1881881118

18, 47. 88 1881188 88888118 81811188 8181188 smmi. populu, smum„ obtines„ m

881881 27, 88.
sines 11881181, urbs 81818888888118188181

2, 88. 8, 28, ⁴. 17. 21, 28. 48. 87. 8, 48.
8, 2, 11, 7, 21.28. 8, 18. 18. 8, 7. 8881181
88888118 88888188 11881181 8881818818, 85.
28, 24. 22, 88. 28, 41. 27, 28. 88, 88. 88,
21. 288118. 21. 818111881 81 8111118188 squi-
1118 8 888118 morium 811888, 81188888
1181818881 22, 8. 818888 sonitus consulto no-
11188 42, 8. eonsules in 8888188 1181811118
111001111ῐό '⁰⁶‘ ὥθ’ 11 },⁴²;„⁴,¹,;,⁰,·
8881188 88 pnpninm 8811811 2, 27. 7, 28. 27,
1.11111.1111811118,11811
11811 sepiens 181881 dividerentur 8, 88. 88

18881888 8, 41. trucidantur· 11118, ibid.

888188888118881 8, 11. 8, 88. seniores 888811

nomini 8188, 81 88181 urhis 8881881118
5, 18. οῖ. 8181818, 8881188881 88888188
118118 8, 21. 8888881181 insint· principes.

8888 (2888188188888 sanetius consilinm 88 =

18.

sononia 8811818888 81 11818181 88818818

8881881111. 18118888 1188118181 8188888 i
rsniuni. 81 88188118, 28. “

Sentinas sssr 18. 27 81 88.

colonis Csiss deducenda 8, 18. 88 8818811 31818118 ¹¹² ⁵2m¹¹¹9 ¹¹¹· ¹³³Pif¹⁰ ⁰⁰³· ’Ψ
Casinum 81 181881818188 888888881 8, 28, 18111111οι ⁴ · ⁴⁰· .

cs. 81, 82, 21, ⁴. 8881188 censorinus pseu· ΜΡΝ ⁴¹⁰⁶¹¹¹⁴⁴ ”imnum C⁸P⁰¹⁶ 'mam'
81118 1118111811, qns in 88881 pnhiins 8118188 ¹⁰¹⁰ “mmm ⁰¹¹¹¹¹¹¹¹m effli’anorum 88811 ²⁵·

48, 48. 8888811 pecuniam 8188188181888 8819113· . .
„dmm 21·st decemp υ, , prins„ 888118881888181888 praetor 1818118118 chrum

818118 888188 2811888188 consultum is·

8188117, 8.

81188888188118, quse 81111188 8888 88888- 3881888888 '⁰⁰⁰⁸ ⁰³¹5· ⁴¹¹¹ '²⁰¹³ mffllfflfliu

81811818. senatus provincias 8888881181 'mi ‘¹⁶²⁵ ²⁷· ¹¹·
omn 1, 11. ιο, 81. 8 , ss. 1ο4 181818. 8811188188888118. 11. ,
nnius 88888118 8888811888 81 praetoribus im· 3188181881 <limium 18011 Asflffl i’f0 “¹⁸¹⁰

perium prorogatur 8, 28. 8, 42. 1112881.
28, 18. 21, 18. 288. 28. 27, 7. 2818.
88, 1 aii. 1881181 88888118 populus debello

881188 8111188 88 1118818118 88, 28. sepulcr· ,

818811 Athenis 1 Phiiippo 81, 21. snper 88 =
88 Atheniensium 18888118 88.

188111114821181181.88841818. 8888118888 eiusdem hominis 8188888811 81· j

8, 21. 21, ii. 88, 21. 81, 881 i. 81, 22.

versis 18818 818881811188, 88.

881. 8811488888. 88188118888888- 88811888881181,88118818118188888188818, ’

huntur 22, 11. 28, 88. 21, 1111181181-

inierit 8, 18.

iectus 8188188 8, 41. 7, 18. 18, 21. 22,11. c 8888188,18188888 881111. consulari potssisio

22, 28. 21. 28. 1, 2. 28. 811. exereitus 81-

8. i. 1181888 11. 18811881 27,

8111188188 81, inis. 88. ⁴5,². 88181 nr· Cn. Ssr 188 Pinnem, prsstnr 81, ⁴. 88111188

dinem imperatoribus 8881188118 decernuntur iurisdictionem 88818181 8. si 8181881188
11111, 8, 88. 7, 28. 21. 8. 28. 88. snppli— imperinm 82, i.

81118888 81 triumphi 88188188188 8, 18. 88., i.. Seminis. lessius 1888181 8811881181 donum

4, 28. 11818 27. 8, 18811. 888881 is· 188

81 Delphos ieri 8, 28. 1 8181888818·

unii miiiuninr. 88 888888188188118 818 ri· 8181118 esconius. 81 dimissus, 1818.
siis 1888881188 88, 48. 48, 18. 17. 1 888118 1181881881888888, cos. 1,17. 1818. milii.

18888118 18 eonium 18888, 18, 188888 81-
181· 2. 28. 4, 88. 8, 27. 818. 7, 12. 7, 28

figuris⁸ qimi 01843888188 8881818 88888118

consulari 8111881118 28. 1181881 888. 88. 118-
iffi. 'fib 811111 888. pon 88. 1881188 iris

. 88, 1³. 21. 84, 88. 87, L. Serpius Fidenas. 1118811111. 8, 18.

 

