A. U, G. LIBROS. 103

88. Crustumina 48, 84. (1118118 87, 8, Fa· 818888111188111,88888883118118188881811

118ιέ4111118·11111138111111 11118811131881881881888ἱὶῑέ
1188 ’1188181188 88881181, 1818. 1818888881 eris, 81881188, 1. 1118811111 8811111181 1888-
11881111811,ι18. 7819118218ο 8181818118 8, 1τ7. 1111818- 188181 8188818, Ἣ 88811112 δ1881111118818111818
1111111111 11.-8811111111 ms
8888111111811188111. 1888188181 decernunt 8, 11111181 8111888881 88, 14. 1118181111 88818888
88. 111881 8181811 18 11818111 81, 8. 88, 87. 888 81181881 Ι818811 88, 48. 111, 81 88-
11188188, 881118818 111881 8881188181 1, 48. 33181881,Ι 881818 181 togae 8118818118881388
1118818 311888 8881118 8, 8. 88. 111881881 18- 818, 1818. 81, 48, 48. 1118811111 18881881
8181181 , 88. 18 81181881 8888881881 18, 48. 18811 88 8118811 1188811818 88. 81. 8818. 88,
18 818881 redimendum 8, 14. 18 81811181 88. Ι
1118 88181118 1881888818 8, 88. 888181118- 71881111,88111. 88888181881181888118188188,
8331313838θῶ 8(4884133133 3313333383 43111334 111831133413813133331313348, 88. Ι
1811881881. (11888181888181818118888811 18811 88818, 8118 81811881 18881881 1,1.
eq 881118Ι 8888818 8111111 8818818881, 81 88 ’11811 888818 88811 oppugnata 88 88881 818·
8118881118811818881 8881811888, 88. 11188- 1181881 8, 4. 71818 8 8818888188 8118 88
8888118888181411881881 818181888188,11888 ,18188818 8888118 1,1. 71811 18 88818818
ffiffisogg 1811881, 11888818 populo 118- &⁸321ss Ι1881111831 188818118, 1818.
33434133134318813133111333 813, 48893 ²⁵¹ gfffflfissssiffizuum 888.81111118881.8181881
ἧσισίἷξὲἒᾞιῶᾳίξιᾶω qum ⁵¹⁰ diem 333331334331331831314183334 84138888181 [opiter
Trgfinuvh. 188818, 11. 1818, '⁸ . ³ Ι ¹
huma 88118 4, 18. 88, 18 81 41. 48, 81. nm„ 8188181888118888181181 8111118811
’111118181111118 1111 ’1111 ’11181111111.1811.881188811
11188187881111188 48, 88. 81, 8. 88. 88. 88. 8188181 1111181111 88188118
11488118 88888 48, 88. us. 81 87. 8888888818 88, 88.
1118818188881818 1188, 87. 18111118, 1118881111· 1811118888 8818 1, 48. x
8811111814888 8881. aa. 18388181818113181111111811
nm‚⁴32¹'ff0133312''22323333032'21. 18111. 1888818118811 81,· 811
3333333383333133333383137833 ’13183333ιῖ 13333313338331 18
1818181818..’1881184888ῗῖ 118 3848418111118111111118818
18811181811181111111881ῑὶ1 88481888888181811.18118
8881 1188 881818181111181888881 1818811818, C² 8188118 11118118.
1111111111· 1118181811 11111, 18 9811’.8.“111111ῗὲ81“1.181811811181
’11111 ,1188811 81111181 11.-..11 18811111111818111818ῗὲἕὲ
tur 8, 18. 4, 88. 7, 18. 88. 81, 8, 18, 88. 18118888181888 1188888181 18181 881181, 11·
81. 8, 18. 18, 81. 48 811. 88 1118181188 no· mque 1111811 8818181181. Ι1811811818 8111811
881811818181 1,17. 18, 87, 48, 88748. 1811881 88 8818811111 88. 811811118818188,
818818818111818 patrum 8888118118 111881- 888118881188118881881 8181, 181888 881888
1188188188 888. 18, 87. 8188881811881,1ι81 88888188. 1111881881 Albanorum 18181181,
magistratum 888 181181881888 1188881188 8181811818 488818 1818181 8111811111 18111,
88, 88. 81, 88. 888881881818811818811881 1818. 181811 8181811 8811881, 881 88 118811,
Γ1818181881811,8,,88 81 88. 11818181 81 qul 1818. 1881181188 818188 18818118131. 81118-
8 18881, 8181111818 1818 181111 8418. vs. 88118888188188881181, 1818181811818181
tamon 81. 48. 881. exereitus 88 111888 8881 88188 8881111181, 1818. 1818811188881
31343 ffifflssssdffiff 3118383833 8133883988ξῖ 113333113313113133388113131811881881, 18181181 118-
88, 83. 88, 47. 81. 4. 1118188881 88118 88118 818818 8, 88,, 8181811 88181118 11118188 Co·
18818 40, 88. triumphus ,11818111 prmus 48, 11811888. 1818,Ι 88 88118 1188181111 181818888
41· 1811111,1181811811181818 8181812811. 8111171 vm. “³¹¹⁰
18’8 8888118181,8111188881181881111 88, 81. 1881811111’81111881 7, 8. sabinus 8, 88, 881-
3383382311133433333433333438384338341371, 133438338ῗί8 18,,7, 18818181 8118181881
31188. 88. 8. 4ο, 84, 88. 48, 48. 1811811118 88818 881318 88, 18. et. 81 81,
’1811111111811,81118 11111111.811181111181.
1118811111 8181 818111 18811, Ἥ18111181 81111 tum 81888118 7, 87, 18, 88.
881888118111888111818818, 88111 18118888 18188,818188811111818188 8844.

 

