20 INDEX IN T. LNH

44444444 44, 47, es. 411, 44. 41144141444 14- Com 441444 haud ammuh 44, 4.
14144111 14, 41. 44. 1ο- 14. 41. et. 44, 44. cetrae· 444414 11, 44. cetron 41 41. 41 =
441411. 4141114111441111 44441. 14. 44, 4. 4. 41, 44 41, 11. 11, 11.

,44, 44 14. 4. 4441441114411 44444441 44, 14. Choma 44. 54.

14. 14444441 44444444 4444414441 111Ι 4. 47. 1144444444, 44. 44, 11, 42, 44.
4444. et, 1441441414 14144 144444 411444- 01141444 Tartesiorum 141 24, 24.
4141441 4144111444 44. 47. 444144441144.14111444 44, 41.

1411444ιᾶ4444 444 1141414444 41444111 24, chalcedon 44, 44.
24 41 . 1441414 Euboica 4, 42. 47, 44, 24, 1. 1. 4.

Comum, 4144444141111141 41 44444444 4, 4. 14- ab Chulclde 114144141411414414 4411114114 124-
4141114 4, 24, 44 411-44. 444414 41, 42. 444 mm 4, 44, (1144141114 414144 44, 7. 11144141-
41444114 popum( 1444444, 47. 44444444 44111- 1441 occupant 11441441, 41 1144444414 14114
444 4441444111, 44 41 4144444444 411444 44 4411414 41, 24. 4441 1411441 11114114 711444, 44
4441441414 14414 4, 41. 444 44411114 411444 4- 4414441 4414444414, 47. .
11411111,”1“1111111141’12111111.“1“ 111111114111111111111 “

04414754, ' W: 441114 (1144414111 44, 21. 4444114141 14
444444 144414411441,42.44. 444444 44444 4, 4, 14144114 41141 1114114 44, 4. ⁷
22. 44. 1ο, 47247, 44. 44, 47. 44, 4. 44, 11414144444, templum 111444444 444444 71
19114111411111 1111111111ῒῶ 1 · , .

44. 444444 44414441 4, 7. 24, 47. 111444114- 0144414 42, 5. .

44144. 144411 11

41. emunim: 4443444414 414411114141441 charla 4444. 4444144144 Rhodiorum 4144414 47,

4114114111 centuriones 24, 14. 4144 414144, ²³2 . .
1441. chordam. princeps 414114114 441444411444411

6441444414· 4141444417, 14. urbem Publilio Philoni, 1414444144 11447
contunsa 41444441444141144111144444441444 0²⁵· ·

1,,14, 14 114, 44444444 Tarquinio Ρήξιο, enirm, 4144444 1414414144, 4444144411
411114 41 4411444441 4441444 44. 4441414444 14411 Ρ. 78111141 444 mou 441144 1444114444
Sey. 741114. 14441 444 4441444 11144, 4114- 1411141444 42, 4. 11. pastorem 41 0141411414
4414144144141 44414 4444414114 44, 14 eentu— 444. 11114414, qul 41141414 44144141. 1141
ἓ111111-11141111111111111111111 affl, 11111111 111111 1111111ξὲ111

111. praerogativa 44414414 141 . 111, 24. 44, 444441 44, 5. 1444441444 444114 4444 4414474,-
ιζ.444,142, centuria, 4144 4414 14 1444441444, 4444441 1144444414 cogn 41 144441441-
s ¹

, . 444 . 4444444144 ,,,,,

11,41110101ᾖῇ1411541444 1141441441..1414114111
444 441ξωὶωῶ ωιξξεξοῶ ἓῗέὧοῗῗῐὲῖ ffssgffi {ggaesso'effiedffiegdffiokjdfflffi
41411..4.11411.11114111· 111
141114 1144444411 4.... 1111111144· ..

11444444 1444114441. pugnaui 44111, 4534. 0144411444, 4 ῐ1411411 15, 45, .
1411114111111111. 1114111141414411144111
nmmum, oppidum, 444444111444444141, 41, 24Ἰ 114 4444444 44. 4141414 Copton. “hig
14411.·141.441111 ..1. 181111111ῗὲῗῖ ⁷' ‘¹‘ Ῡ”””’““Ῐ“”
4141414 1.... 1....114...11 1444411444,1141141144
θοζιθέὢέῃξ. ἓῗὲῗᾞῗιαὲυῗέἓιέἰηὲᾞθὶᾝ ff? ciffuffi' 7441411144 oppidum 441444, 11
111141.1414444444 41144111

mmm! ³1, ¹⁴, 141414 11, 47. {aad 04141441 44444 111 11114111 praepotens 141

ffl'lffisfffiffifflffl 40οὲ 4114114 4, 41. 17411414, 14444 444 444441 4611114414,371
{gual-fg} {guum 47 4414445410οῇοὲῗὸ ῗὲἓὲξῖίῖἢιωῗῇνῧρῗοέ214410414441444 114449
011111111141111111111111“1“”““ 1111111111111341741,1144414-

θῖζξζξῃὶρὲὂῗτὲψι urbs 4444441114 44111 4814744444 14 44141144 44141144

4111441444 legatorum mannmguem 414. cmm 10¹ <10 1414 4 muneribus 44. 4.

ἓθηυ. 1144144, idem qui 11441144

cana 1114414 Ι44444 10. 47. ” 4441447 7. 1144144141

cuge 41114411 4114 144414141411144 41, 11 11. 01414444 1144444444, eaptus 111 1111411414
044144141441444414414 44, 44 21, 44. quid 14 1144411414 1414111414 41

42. amm 11144444 vetustorum 4444444471

 

