1⁰2

INDEX IN T. LIVIl

1111111111, 11711111 111111111 1111111111 1111111177,11,11111111 Romu

1111111111 111, 1111111111, u 1111111
1111111111 1111111111 11, 47. 1111111111 11-
1· 111. 11111111· 11 α111
⁹· , Ρ 1 011 7
11111 1411111111 11111111111 11, 11, 111.
11111714. 11, 11. 1111111 71, 17. 47,14.
11111111, urb· 11111, 111 1111 1111111117
1177. operibus ’1111111 11111 17111111
Nobilior. 1111111111. 1111. 111-1117, 11.
7111111111111111111111111. 1111 11-
11 111 111111111111111. 111 1111111111·
111111111111111111
4111111111’111111111111111
1111111 11111111111111111. 1111, 1111111111
1111111111 0111111101111, 11111. 111111. 11,
{onim ineunti 11 111111 1111111111·
rffiffii‘ffiuffi‘i'ip' Μ’
Τέἓῐξξιῶξῖξξξὶἶξ ἱζὲιωίιῘἩῖῗΗὲιοῑὲιιοἻ
ἓξὲξὲἕῖἑῗέἒὲζῖᾓῗζέῗί1 111117 11
Ι ⁶ 2 ι
714111ἀ111114141ῗ11 1111111111111 1111111111
{iiiiiiiiiizffiiiiiiiiiiiiiiti
11111 P. Cornelius 111111Ι 11, 11111 11 11·
111 Gaul 1111111111 sibi 11111111 1111111
rreaoi‘rffiednufflfflvfflngaedgt' 11341, ¹
Ττῶρο11214131111111111 71, 7. 1111111 111. 111-
7111111, 1111 711111, 11111111111111 11, 11.
iiiiii: 81711401111, dein ιο nonani· 11,
Trffinsuam 1111111111, 17 1111111111111174,
11101111111111111111,Ρῖἱῖ
11111,1111111’111·ή·
1111111111111
Ι. 1111111111 1111111111141, 71.
Q. 1111111111, 11111111 11111111 1111111171, 41.
ssflffiss' aliga. 1111111111 11 111111111111
Trebia 111111 71, 48. 11 111 11111114-
Τᾷἱξὲἐιῦιοςὲἒὲιιω 7,11. 71111111 1111101-
1111.1111111-“·
C. 7111111111,1111111 11, 41.
ι’.1141111111111111111..1111111114’11.ἳὲ
uf‘fflffiniffl'trii. 111111. 111, 111. 1, 11,
stabula. urbs 71, 19,
itiiizii'siz‘iiiiii,2. ‚
G. 7111111111, 11111111 1111 111111111 47, 4.
Cn. 1111111111 11111111111111111111, 11111111
1111111111 1111111 munitur 71, 11. 1111111
3⁶1ss ⁸³3, 2²1⁶ 1111111 1111111, 1111. 11111111 11-
444141Τ41444444Ι7ξι417. gi. 1415.Ι 451. 111, 11 111
11111 1111111 111 11 triario· 11111111, 1111.

1111111 11111111111141, 77. 1111111111 1

gratioribus 11 11111111 111111111111171.

1111111111 11 1111111 71, 77. !
7111111111 Celerum 1, 11. tribuni 1111111111 11

1111111111 11111111 111 exercitibus 1111111, 3
11. tribuni 11111111 111111 111 imperatoribus.

dein peguli 1111111111 11171 11111 7, 5. es.
11311, 1111* ,111111111111111

1111111111 laeaniticum. 111 1111111111 =
111111, 111 1 1111111111 1111111111111111111 1

47, 11. 111111 1111111111 parte 11111141.
14. 44, 71. 1111111 11111111 1111111111 111-
111111 1111 11111111111111111 4, 1 117,
111111 1111111, quui 11111 1111111111ἓ11-
1111 111111114,11. 111161. 1111 ,1.
11111111 miiitum 111. 111. 111111 11111111
1111111111. 4, 71. 111 11111 11111111, 11111-
nfflue. 111111111111 11111111 1111111111,
ι 1

11111111 11111. 111, 111. 11111111 omnes ,

111111 1 1111111111 quadriginti 11111 1,

17. 111 . 11111. 111. 111. 11 plebe 1111111 3
1, 17. tribuniplebis 111111111117,11. i
1111111111, 1111. 111, 11. 1111111111, sed 2
1111111111111117,11. 11. 1711. 11111111

11111111 111111 1111111117. 11-51. 11111- ἶ
ioque 11111 1111 111111111,11711111,1“11“1. ¹

11111 11111111110, 111111111, 1111111111
1111111111 17. restituuntur, iisdem 11111111

14. 111111 1111111111 111111111111111 11111· =

111111111 1111 141111. 11. 111, 11. co:
111111 111111111, 11, 5, 11. 111111111111-
111 7111117, 47. 1111111111. 1111 11111111

Hirtio ². ³5- [1111111170. tribuni 111 i

1111111111 11111111 11111111 1, 11. 4, 1, 47,
17 aiibi 1111111. 1111111 1111 tributum 111
11111111111111 4, 111. 5, 17. e. 11, 11111111-
1111 1111 1,1. 8,11, 1111. 11, 111111,
11111111111 4, 111, 1, 11. 1117. 1111111-
1111111111 1, 11. 77,1. 17, 7. 14, 5. 18,
11, 41, 71. 11111111111 senatusconsultis 4,

1. 41. ii. 9, 8. 71,41.11,11.17,11 35, i

1. 11, 17111. intercedunt 11111111 7, 41. 4,
411111.5,1,1,11.1,14.14,41.18,17.
1111111111 plebis 1111 111 intercessionem
1111 unamque 111111 1111 1111111 11111

1111111111. 7, 44, 11. 4, 47 1141 1118, ¹

111. 1111111 tribunorum 1111111 1111111111-

111111 sublata 4, 51. os, 1111. 1111111 111- ,

buia 1111111117,11. 1, 14. 4, 511, 11.
77, 71 111. 111 11111111 11. 111111111111-
11111 11111111 rem 11 111111111111171,
7, 71. 77, 77. 10, 77. 41,11,11).71,1ῗ.
11111111111111111111,·
1111117, 11 11 57. 4, 71 11 511, 1. 7110.
1,,111111111111111
gangaro 81114411, 041114ιῆ1431. Ἥ :ffb Ι4118141941
1111111, 11117171, 111. 11111111 pl. 1111
1111111111111115,*111111111311
11111 magistratum 111111111111 111111111

1141149111 111111 1, 41, quatuor 11111111,
1111. 111 11 viginti 1111117,71. 1111111

11111111, 111111 7, 11. 1,17. 1, 71. 11,

. 0. 1111111 111111 11111111 1111111111
111111111111111111111111 iiii}
1111111111 41, 11, 1111111 1111111111 77, 1, 74,
7. itibus 11111111111 1, 11. 11, 11. 77.
1111111111 74, 7. 71, 77, 77, 4. nibus
1111111 11, 11, Claudii 7, 11. cornelia 11,

 

